ACTIVE_PART_STACK__BODY_BACKGROUND_COLOR=238.74998, 0.15957446, 0.5319149
ACTIVE_PART_STACK__BORDER_COLOR=24.532019, 0.0, 0.6117021, 26|24.532019, 0.0, 0.611702, 100
ACTIVE_PART_STACK__HEADER_BACKGROUND_COLOR=0.0, 0.0048309173, 0.8117647, 30|0.0, 0.0, 0.78431374, 48|0.0, 0.0, 0.7606383, 89
ACTIVE_PART_STACK__SELECTED_FILL_COLOR=24.532019, 0.82520324, 0.9647059, 7|24.356436, 0.40399998, 0.98039216, 13|0.0, 0.0, 1.0, 29|0.0, 0.0, 1.0, 100
FORMS__FORM_HEADING_BORDER_2_COLOR=210.90909, 0.16489361, 0.67021275
TEXT_EDITOR__UNDER_LINE_STYLE=0
WINDOW__BACKGROUND_COLOR=0.0, 0.23404256, 0.64893615
WINDOW__PERSPECTIVE_SWITCHER_FILL_COLOR=0.0, 0.0, 0.0, 0|0.0, 0.0, 0.3529412, 6
WINDOW__PERSPECTIVE_SWITCHER_KEY_LINE_COLOR=0.0, 0.010638298, 0.60638297
WINDOW__STATUS_BAR_FILL_COLOR=0.0, 0.0, 0.6666667, 51|0.0, 0.0, 0.6648936, 85|0.0, 0.0, 0.81960785, 100|0.0, 0.0, 1.0, 100|0.0, 0.0, 0.87234044, 100
WINDOW__STATUS_BAR_TEXT_COLOR=209.18918, 0.05851064, 0.36170214
WINDOW__TOOLBAR_FILL_COLOR=0.0, 0.021276595, 0.43617022, 5|0.0, 0.006172839, 0.63529414, 20|0.0, 0.0, 0.84042555, 69
eclipse.preferences.version=1
